-2.999542 0.084631
 -2.869567 0.077707
 -2.739592 0.081554
 -2.609616 0.074630
 -2.479641 0.089248
 -2.349666 0.079246
 -2.219690 0.067705
 -2.089715 0.082323
 -1.959740 0.073091
 -1.829764 0.073860
 -1.699789 0.079246
 -1.569813 0.082323
 -1.439838 0.076168
 -1.309863 0.090786
 -1.179887 0.072321
 -1.049912 0.083862
 -0.919937 0.067705
 -0.789961 0.086940
 -0.659986 0.072321
 -0.530011 0.073091
 -0.400035 0.085401
 -0.270060 0.078476
 -0.140085 0.072321
 -0.010109 0.074630
 0.119866 0.079246
 0.249841 0.076168
 0.379817 0.076938
 0.509792 0.074630
 0.639767 0.080785
 0.769743 0.076168
 0.899718 0.074630
 1.029693 0.071552
 1.159669 0.078476
 1.289644 0.083093
 1.419619 0.070013
 1.549595 0.075399
 1.679570 0.074630
 1.809545 0.083093
 1.939521 0.076938
 2.069496 0.078476
 2.199471 0.086940
 2.329447 0.081554
 2.459422 0.070783
 2.589397 0.077707
 2.719373 0.078476
 2.849348 0.074630
 2.979323 0.079246
 3.109299 0.089248
 3.239274 0.077707
 3.369250 0.074630
 3.499225 0.079246
 3.629200 0.074630
 3.759176 0.070783
 3.889151 0.071552
 4.019126 0.083862
 4.149102 0.082323
 4.279077 0.063858
 4.409052 0.080015
 4.539028 0.070783
 4.669003 0.083093
 4.798978 0.080785
 4.928954 0.080015
 5.058929 0.076938
 5.188904 0.077707
 5.318880 0.074630
 5.448855 0.070783
 5.578830 0.077707
 5.708806 0.080015
 5.838781 0.068475
 5.968756 0.076938
 6.098732 0.066936
 6.228707 0.072321
 6.358682 0.076168
 6.488658 0.078476
 6.618633 0.074630
 6.748608 0.079246
 6.878584 0.072321
 7.008559 0.073860
 7.138534 0.080785
 7.268510 0.064628
 7.398485 0.070013
 7.528460 0.076168
 7.658436 0.084631
 7.788411 0.075399
 7.918386 0.074630
 8.048362 0.078476
 8.178337 0.082323
 8.308313 0.064628
 8.438288 0.075399
 8.568263 0.074630
 8.698239 0.078476
 8.828214 0.078476
 8.958189 0.078476
 9.088165 0.082323
 9.218140 0.080785
 9.348115 0.074630
 9.478091 0.080785
 9.608066 0.064628
 9.738041 0.084631
 9.868017 0.070013
 